[[201. 202. 203. ... 298. 299. 300.]
 [202. 203. 204. ... 299. 300. 301.]
 [203. 204. 205. ... 300. 301. 302.]
 ...
 [198. 199. 200. ... 295. 296. 297.]
 [199. 200. 201. ... 296. 297. 298.]
 [200. 201. 202. ... 297. 298. 299.]] * [201. 202. 203. 204. 205. 206. 207. 208. 209. 210. 211. 212. 213. 214.
 215. 216. 217. 218. 219. 220. 221. 222. 223. 224. 225. 226. 227. 228.
 229. 230. 231. 232. 233. 234. 235. 236. 237. 238. 239. 240. 241. 242.
 243. 244. 245. 246. 247. 248. 249. 250. 251. 252. 253. 254. 255. 256.
 257. 258. 259. 260. 261. 262. 263. 264. 265. 266. 267. 268. 269. 270.
 271. 272. 273. 274. 275. 276. 277. 278. 279. 280. 281. 282. 283. 284.
 285. 286. 287. 288. 289. 290. 291. 292. 293. 294. 295. 296. 297. 298.
 299. 300.] = [ 6358350.  6383400.  6408450.  6433500.  6458550.  6483600.  6508650.
  6533700.  6558750.  6583800.  6608850.  6633900.  6658950.  6684000.
  6709050.  6734100.  6759150.  6784200.  6809250.  6834300.  6859350.
  6884400.  6909450.  6934500.  6959550.  6984600.  7009650.  7034700.
  7059750.  7084800.  7109850.  7134900.  7159950.  7185000.  7210050.
  7235100.  7260150.  7285200.  7310250.  7335300.  7360350.  7385400.
  7410450.  7435500.  7460550.  7485600.  7510650.  7535700.  7560750.
  7585800.  7610850.  7635900.  7660950.  7686000.  7711050.  7736100.
  7761150.  7786200.  7811250.  7836300.  7861350.  7886400.  7911450.
  7936500.  7961550.  7986600.  8011650.  8036700.  8061750.  8086800.
  8111850.  8136900.  8161950.  8187000.  8212050.  8237100.  8262150.
  8287200.  8312250.  8337300.  8362350.  8387400.  8412450.  8437500.
  8462550.  8487600.  8512650.  8537700.  8562750.  8587800.  8612850.
  8637900.  8662950.  8688000.  8713050.  8738100.  8763150.  8788200.
  8813250.  8838300.  8863350.  8888400.  8913450.  8938500.  8963550.
  8988600.  9013650.  9038700.  9063750.  9088800.  9113850.  9138900.
  9163950.  9189000.  9214050.  9239100.  9264150.  9289200.  9314250.
  9339300.  9364350.  9389400.  9414450.  9439500.  9464550.  9489600.
  9514650.  9539700.  9564750.  9589800.  9614850.  9639900.  9664950.
  9690000.  9715050.  9740100.  9765150.  9790200.  9815250.  9840300.
  9865350.  9890400.  9915450.  9940500.  9965550.  9990600. 10015650.
 10040700. 10065750. 10090800. 10115850. 10140900. 10165950. 10191000.
 10216050. 10241100. 10266150. 10291200. 10316250. 10341300. 10366350.
 10391400. 10416450. 10441500. 10466550. 10491600. 10516650. 10541700.
 10566750. 10591800. 10616850. 10641900. 10666950. 10692000. 10717050.
 10742100. 10767150. 10792200. 10817250. 10842300. 10867350. 10892400.
 10917450. 10942500. 10967550. 10992600. 11017650. 11042700. 11067750.
 11092800. 11117850. 11142900. 11167950. 11193000. 11218050. 11243100.
 11268150. 11293200. 11318250. 11343300. 11368350. 11393400. 11418450.
 11443500. 11468550. 11493600. 11518650. 11543700. 11568750. 11593800.
 11618850. 11643900. 11668950. 11694000. 11719050. 11744100. 11769150.
 11794200. 11819250. 11844300. 11869350. 11894400. 11919450. 11944500.
 11969550. 11994600. 12019650. 12044700. 12069750. 12094800. 12119850.
 12144900. 12169950. 12195000. 12220050. 12245100. 12270150. 12295200.
 12320250. 12345300. 12370350. 12395400. 12420450. 12445500. 12470550.
 12495600. 12520650. 12545700. 12570750. 12595800. 12620850. 12645900.
 12670950. 12696000. 12721050. 12746100. 12771150. 12796200. 12821250.
 12846300. 12871350. 12896400. 12921450. 12946500. 12971550. 12996600.
 13021650. 13046700. 13071750. 13096800. 13121850. 13146900. 13171950.
 13197000. 13222050. 13247100. 13272150. 13297200. 13322250. 13347300.
 13372350. 13397400. 13422450. 13447500. 13472550. 13497600. 13522650.
 13547700. 13572750. 13597800. 13622850. 13647900. 13672950. 13698000.
 13723050. 13748100. 13773150. 13798200. 13823250. 13848300. 13873350.
 13718400. 13564050. 13410300. 13257150. 13104600. 12952650. 12801300.
 12650550. 12500400. 12350850. 12201900. 12053550. 11905800. 11758650.
 11612100. 11466150. 11320800. 11176050. 11031900. 10888350. 10745400.
 10603050. 10461300. 10320150. 10179600. 10039650.  9900300.  9761550.
  9623400.  9485850.  9348900.  9212550.  9076800.  8941650.  8807100.
  8673150.  8539800.  8407050.  8274900.  8143350.  8012400.  7882050.
  7752300.  7623150.  7494600.  7366650.  7239300.  7112550.  6986400.
  6860850.  6735900.  6611550.  6487800.  6364650.  6242100.  6120150.
  5998800.  5878050.  5757900.  5638350.  5519400.  5401050.  5283300.
  5166150.  5049600.  4933650.  4818300.  4703550.  4589400.  4475850.
  4362900.  4250550.  4138800.  4027650.  3917100.  3807150.  3697800.
  3589050.  3480900.  3373350.  3266400.  3160050.  3054300.  2949150.
  2844600.  2740650.  2637300.  2534550.  2432400.  2330850.  2229900.
  2129550.  2029800.  1930650.  1832100.  1734150.  1636800.  1540050.
  1443900.  1348350.  1373400.  1398450.  1423500.  1448550.  1473600.
  1498650.  1523700.  1548750.  1573800.  1598850.  1623900.  1648950.
  1674000.  1699050.  1724100.  1749150.  1774200.  1799250.  1824300.
  1849350.  1874400.  1899450.  1924500.  1949550.  1974600.  1999650.
  2024700.  2049750.  2074800.  2099850.  2124900.  2149950.  2175000.
  2200050.  2225100.  2250150.  2275200.  2300250.  2325300.  2350350.
  2375400.  2400450.  2425500.  2450550.  2475600.  2500650.  2525700.
  2550750.  2575800.  2600850.  2625900.  2650950.  2676000.  2701050.
  2726100.  2751150.  2776200.  2801250.  2826300.  2851350.  2876400.
  2901450.  2926500.  2951550.  2976600.  3001650.  3026700.  3051750.
  3076800.  3101850.  3126900.  3151950.  3177000.  3202050.  3227100.
  3252150.  3277200.  3302250.  3327300.  3352350.  3377400.  3402450.
  3427500.  3452550.  3477600.  3502650.  3527700.  3552750.  3577800.
  3602850.  3627900.  3652950.  3678000.  3703050.  3728100.  3753150.
  3778200.  3803250.  3828300.  3853350.  3878400.  3903450.  3928500.
  3953550.  3978600.  4003650.  4028700.  4053750.  4078800.  4103850.
  4128900.  4153950.  4179000.  4204050.  4229100.  4254150.  4279200.
  4304250.  4329300.  4354350.  4379400.  4404450.  4429500.  4454550.
  4479600.  4504650.  4529700.  4554750.  4579800.  4604850.  4629900.
  4654950.  4680000.  4705050.  4730100.  4755150.  4780200.  4805250.
  4830300.  4855350.  4880400.  4905450.  4930500.  4955550.  4980600.
  5005650.  5030700.  5055750.  5080800.  5105850.  5130900.  5155950.
  5181000.  5206050.  5231100.  5256150.  5281200.  5306250.  5331300.
  5356350.  5381400.  5406450.  5431500.  5456550.  5481600.  5506650.
  5531700.  5556750.  5581800.  5606850.  5631900.  5656950.  5682000.
  5707050.  5732100.  5757150.  5782200.  5807250.  5832300.  5857350.
  5882400.  5907450.  5932500.  5957550.  5982600.  6007650.  6032700.
  6057750.  6082800.  6107850.  6132900.  6157950.  6183000.  6208050.
  6233100.  6258150.  6283200.  6308250.  6333300.]
sum = [72180100. 72000400. 71821300. 71642800. 71464900. 71287600. 71110900.
 70934800. 70759300. 70584400. 70410100. 70236400. 70063300. 69890800.
 69718900. 69547600. 69376900. 69206800. 69037300. 68868400. 68700100.
 68532400. 68365300. 68198800. 68032900. 67867600. 67702900. 67538800.
 67375300. 67212400. 67050100. 66888400. 66727300. 66566800. 66406900.
 66247600. 66088900. 65930800. 65773300. 65616400. 65460100. 65304400.
 65149300. 64994800. 64840900. 64687600. 64534900. 64382800. 64231300.
 64080400. 63930100. 63780400. 63631300. 63482800. 63334900. 63187600.
 63040900. 62894800. 62749300. 62604400. 62460100. 62316400. 62173300.
 62030800. 61888900. 61747600. 61606900. 61466800. 61327300. 61188400.
 61050100. 60912400. 60775300. 60638800. 60502900. 60367600. 60232900.
 60098800. 59965300. 59832400. 59700100. 59568400. 59437300. 59306800.
 59176900. 59047600. 58918900. 58790800. 58663300. 58536400. 58410100.
 58284400. 58159300. 58034800. 57910900. 57787600. 57664900. 57542800.
 57421300. 57300400. 57180100. 57060400. 56941300. 56822800. 56704900.
 56587600. 56470900. 56354800. 56239300. 56124400. 56010100. 55896400.
 55783300. 55670800. 55558900. 55447600. 55336900. 55226800. 55117300.
 55008400. 54900100. 54792400. 54685300. 54578800. 54472900. 54367600.
 54262900. 54158800. 54055300. 53952400. 53850100. 53748400. 53647300.
 53546800. 53446900. 53347600. 53248900. 53150800. 53053300. 52956400.
 52860100. 52764400. 52669300. 52574800. 52480900. 52387600. 52294900.
 52202800. 52111300. 52020400. 51930100. 51840400. 51751300. 51662800.
 51574900. 51487600. 51400900. 51314800. 51229300. 51144400. 51060100.
 50976400. 50893300. 50810800. 50728900. 50647600. 50566900. 50486800.
 50407300. 50328400. 50250100. 50172400. 50095300. 50018800. 49942900.
 49867600. 49792900. 49718800. 49645300. 49572400. 49500100. 49428400.
 49357300. 49286800. 49216900. 49147600. 49078900. 49010800. 48943300.
 48876400. 48810100. 48744400. 48679300. 48614800. 48550900. 48487600.
 48424900. 48362800. 48301300. 48240400. 48180100. 48120400. 48061300.
 48002800. 47944900. 47887600. 47830900. 47774800. 47719300. 47664400.
 47610100. 47556400. 47503300. 47450800. 47398900. 47347600. 47296900.
 47246800. 47197300. 47148400. 47100100. 47052400. 47005300. 46958800.
 46912900. 46867600. 46822900. 46778800. 46735300. 46692400. 46650100.
 46608400. 46567300. 46526800. 46486900. 46447600. 46408900. 46370800.
 46333300. 46296400. 46260100. 46224400. 46189300. 46154800. 46120900.
 46087600. 46054900. 46022800. 45991300. 45960400. 45930100. 45900400.
 45871300. 45842800. 45814900. 45787600. 45760900. 45734800. 45709300.
 45684400. 45660100. 45636400. 45613300. 45590800. 45568900. 45547600.
 45526900. 45506800. 45487300. 45468400. 45450100. 45432400. 45415300.
 45398800. 45382900. 45367600. 45352900. 45338800. 45325300. 45312400.
 45300100. 45288400. 45277300. 45266800. 45256900. 45247600. 45238900.
 45230800. 45223300. 45216400. 45210100. 45204400. 45199300. 45194800.
 45190900. 45187600. 45184900. 45182800. 45181300. 45180400. 45180100.
 45180400. 45181300. 45182800. 45184900. 45187600. 45190900. 45194800.
 45199300. 45204400. 45210100. 45216400. 45223300. 45230800. 45238900.
 45247600. 45256900. 45266800. 45277300. 45288400. 45300100. 45312400.
 45325300. 45338800. 45352900. 45367600. 45382900. 45398800. 45415300.
 45432400. 45450100. 45468400. 45487300. 45506800. 45526900. 45547600.
 45568900. 45590800. 45613300. 45636400. 45660100. 45684400. 45709300.
 45734800. 45760900. 45787600. 45814900. 45842800. 45871300. 45900400.
 45930100. 45960400. 45991300. 46022800. 46054900. 46087600. 46120900.
 46154800. 46189300. 46224400. 46260100. 46296400. 46333300. 46370800.
 46408900. 46447600. 46486900. 46526800. 46567300. 46608400. 46650100.
 46692400. 46735300. 46778800. 46822900. 46867600. 46912900. 46958800.
 47005300. 47052400. 47100100. 47148400. 47197300. 47246800. 47296900.
 47347600. 47398900. 47450800. 47503300. 47556400. 47610100. 47664400.
 47719300. 47774800. 47830900. 47887600. 47944900. 48002800. 48061300.
 48120400. 48180100. 48240400. 48301300. 48362800. 48424900. 48487600.
 48550900. 48614800. 48679300. 48744400. 48810100. 48876400. 48943300.
 49010800. 49078900. 49147600. 49216900. 49286800. 49357300. 49428400.
 49500100. 49572400. 49645300. 49718800. 49792900. 49867600. 49942900.
 50018800. 50095300. 50172400. 50250100. 50328400. 50407300. 50486800.
 50566900. 50647600. 50728900. 50810800. 50893300. 50976400. 51060100.
 51144400. 51229300. 51314800. 51400900. 51487600. 51574900. 51662800.
 51751300. 51840400. 51930100. 52020400. 52111300. 52202800. 52294900.
 52387600. 52480900. 52574800. 52669300. 52764400. 52860100. 52956400.
 53053300. 53150800. 53248900. 53347600. 53446900. 53546800. 53647300.
 53748400. 53850100. 53952400. 54055300. 54158800. 54262900. 54367600.
 54472900. 54578800. 54685300. 54792400. 54900100. 55008400. 55117300.
 55226800. 55336900. 55447600. 55558900. 55670800. 55783300. 55896400.
 56010100. 56124400. 56239300. 56354800. 56470900. 56587600. 56704900.
 56822800. 56941300. 57060400. 57180100. 57300400. 57421300. 57542800.
 57664900. 57787600. 57910900. 58034800. 58159300. 58284400. 58410100.
 58536400. 58663300. 58790800. 58918900. 59047600. 59176900. 59306800.
 59437300. 59568400. 59700100. 59832400. 59965300. 60098800. 60232900.
 60367600. 60502900. 60638800. 60775300. 60912400. 61050100. 61188400.
 61327300. 61466800. 61606900. 61747600. 61888900. 62030800. 62173300.
 62316400. 62460100. 62604400. 62749300. 62894800. 63040900. 63187600.
 63334900. 63482800. 63631300. 63780400. 63930100. 64080400. 64231300.
 64382800. 64534900. 64687600. 64840900. 64994800. 65149300. 65304400.
 65460100. 65616400. 65773300. 65930800. 66088900. 66247600. 66406900.
 66566800. 66727300. 66888400. 67050100. 67212400. 67375300. 67538800.
 67702900. 67867600. 68032900. 68198800. 68365300. 68532400. 68700100.
 68868400. 69037300. 69206800. 69376900. 69547600. 69718900. 69890800.
 70063300. 70236400. 70410100. 70584400. 70759300. 70934800. 71110900.
 71287600. 71464900. 71642800. 71821300. 72000400.]
Temps pris pour la éxécution du produit scalaire local : 0.0016666859992255922 secondes
Speed-up global estimé avec 6 processus = 0.025476184934392392