[[  1.   2.   3. ...  98.  99. 100.]
 [  2.   3.   4. ...  99. 100. 101.]
 [  3.   4.   5. ... 100. 101. 102.]
 ...
 [598. 599. 600. ...  95.  96.  97.]
 [599. 600.   1. ...  96.  97.  98.]
 [600.   1.   2. ...  97.  98.  99.]] * [  1.   2.   3.   4.   5.   6.   7.   8.   9.  10.  11.  12.  13.  14.
  15.  16.  17.  18.  19.  20.  21.  22.  23.  24.  25.  26.  27.  28.
  29.  30.  31.  32.  33.  34.  35.  36.  37.  38.  39.  40.  41.  42.
  43.  44.  45.  46.  47.  48.  49.  50.  51.  52.  53.  54.  55.  56.
  57.  58.  59.  60.  61.  62.  63.  64.  65.  66.  67.  68.  69.  70.
  71.  72.  73.  74.  75.  76.  77.  78.  79.  80.  81.  82.  83.  84.
  85.  86.  87.  88.  89.  90.  91.  92.  93.  94.  95.  96.  97.  98.
  99. 100.] = [ 338350.  343400.  348450.  353500.  358550.  363600.  368650.  373700.
  378750.  383800.  388850.  393900.  398950.  404000.  409050.  414100.
  419150.  424200.  429250.  434300.  439350.  444400.  449450.  454500.
  459550.  464600.  469650.  474700.  479750.  484800.  489850.  494900.
  499950.  505000.  510050.  515100.  520150.  525200.  530250.  535300.
  540350.  545400.  550450.  555500.  560550.  565600.  570650.  575700.
  580750.  585800.  590850.  595900.  600950.  606000.  611050.  616100.
  621150.  626200.  631250.  636300.  641350.  646400.  651450.  656500.
  661550.  666600.  671650.  676700.  681750.  686800.  691850.  696900.
  701950.  707000.  712050.  717100.  722150.  727200.  732250.  737300.
  742350.  747400.  752450.  757500.  762550.  767600.  772650.  777700.
  782750.  787800.  792850.  797900.  802950.  808000.  813050.  818100.
  823150.  828200.  833250.  838300.  843350.  848400.  853450.  858500.
  863550.  868600.  873650.  878700.  883750.  888800.  893850.  898900.
  903950.  909000.  914050.  919100.  924150.  929200.  934250.  939300.
  944350.  949400.  954450.  959500.  964550.  969600.  974650.  979700.
  984750.  989800.  994850.  999900. 1004950. 1010000. 1015050. 1020100.
 1025150. 1030200. 1035250. 1040300. 1045350. 1050400. 1055450. 1060500.
 1065550. 1070600. 1075650. 1080700. 1085750. 1090800. 1095850. 1100900.
 1105950. 1111000. 1116050. 1121100. 1126150. 1131200. 1136250. 1141300.
 1146350. 1151400. 1156450. 1161500. 1166550. 1171600. 1176650. 1181700.
 1186750. 1191800. 1196850. 1201900. 1206950. 1212000. 1217050. 1222100.
 1227150. 1232200. 1237250. 1242300. 1247350. 1252400. 1257450. 1262500.
 1267550. 1272600. 1277650. 1282700. 1287750. 1292800. 1297850. 1302900.
 1307950. 1313000. 1318050. 1323100. 1328150. 1333200. 1338250. 1343300.
 1348350. 1353400. 1358450. 1363500. 1368550. 1373600. 1378650. 1383700.
 1388750. 1393800. 1398850. 1403900. 1408950. 1414000. 1419050. 1424100.
 1429150. 1434200. 1439250. 1444300. 1449350. 1454400. 1459450. 1464500.
 1469550. 1474600. 1479650. 1484700. 1489750. 1494800. 1499850. 1504900.
 1509950. 1515000. 1520050. 1525100. 1530150. 1535200. 1540250. 1545300.
 1550350. 1555400. 1560450. 1565500. 1570550. 1575600. 1580650. 1585700.
 1590750. 1595800. 1600850. 1605900. 1610950. 1616000. 1621050. 1626100.
 1631150. 1636200. 1641250. 1646300. 1651350. 1656400. 1661450. 1666500.
 1671550. 1676600. 1681650. 1686700. 1691750. 1696800. 1701850. 1706900.
 1711950. 1717000. 1722050. 1727100. 1732150. 1737200. 1742250. 1747300.
 1752350. 1757400. 1762450. 1767500. 1772550. 1777600. 1782650. 1787700.
 1792750. 1797800. 1802850. 1807900. 1812950. 1818000. 1823050. 1828100.
 1833150. 1838200. 1843250. 1848300. 1853350. 1858400. 1863450. 1868500.
 1873550. 1878600. 1883650. 1888700. 1893750. 1898800. 1903850. 1908900.
 1913950. 1919000. 1924050. 1929100. 1934150. 1939200. 1944250. 1949300.
 1954350. 1959400. 1964450. 1969500. 1974550. 1979600. 1984650. 1989700.
 1994750. 1999800. 2004850. 2009900. 2014950. 2020000. 2025050. 2030100.
 2035150. 2040200. 2045250. 2050300. 2055350. 2060400. 2065450. 2070500.
 2075550. 2080600. 2085650. 2090700. 2095750. 2100800. 2105850. 2110900.
 2115950. 2121000. 2126050. 2131100. 2136150. 2141200. 2146250. 2151300.
 2156350. 2161400. 2166450. 2171500. 2176550. 2181600. 2186650. 2191700.
 2196750. 2201800. 2206850. 2211900. 2216950. 2222000. 2227050. 2232100.
 2237150. 2242200. 2247250. 2252300. 2257350. 2262400. 2267450. 2272500.
 2277550. 2282600. 2287650. 2292700. 2297750. 2302800. 2307850. 2312900.
 2317950. 2323000. 2328050. 2333100. 2338150. 2343200. 2348250. 2353300.
 2358350. 2363400. 2368450. 2373500. 2378550. 2383600. 2388650. 2393700.
 2398750. 2403800. 2408850. 2413900. 2418950. 2424000. 2429050. 2434100.
 2439150. 2444200. 2449250. 2454300. 2459350. 2464400. 2469450. 2474500.
 2479550. 2484600. 2489650. 2494700. 2499750. 2504800. 2509850. 2514900.
 2519950. 2525000. 2530050. 2535100. 2540150. 2545200. 2550250. 2555300.
 2560350. 2565400. 2570450. 2575500. 2580550. 2585600. 2590650. 2595700.
 2600750. 2605800. 2610850. 2615900. 2620950. 2626000. 2631050. 2636100.
 2641150. 2646200. 2651250. 2656300. 2661350. 2666400. 2671450. 2676500.
 2681550. 2686600. 2691650. 2696700. 2701750. 2706800. 2711850. 2716900.
 2721950. 2727000. 2732050. 2737100. 2742150. 2747200. 2752250. 2757300.
 2762350. 2767400. 2772450. 2777500. 2782550. 2787600. 2792650. 2797700.
 2802750. 2807800. 2812850. 2817900. 2822950. 2828000. 2833050. 2838100.
 2843150. 2848200. 2853250. 2858300. 2863350. 2808400. 2754050. 2700300.
 2647150. 2594600. 2542650. 2491300. 2440550. 2390400. 2340850. 2291900.
 2243550. 2195800. 2148650. 2102100. 2056150. 2010800. 1966050. 1921900.
 1878350. 1835400. 1793050. 1751300. 1710150. 1669600. 1629650. 1590300.
 1551550. 1513400. 1475850. 1438900. 1402550. 1366800. 1331650. 1297100.
 1263150. 1229800. 1197050. 1164900. 1133350. 1102400. 1072050. 1042300.
 1013150.  984600.  956650.  929300.  902550.  876400.  850850.  825900.
  801550.  777800.  754650.  732100.  710150.  688800.  668050.  647900.
  628350.  609400.  591050.  573300.  556150.  539600.  523650.  508300.
  493550.  479400.  465850.  452900.  440550.  428800.  417650.  407100.
  397150.  387800.  379050.  370900.  363350.  356400.  350050.  344300.
  339150.  334600.  330650.  327300.  324550.  322400.  320850.  319900.
  319550.  319800.  320650.  322100.  324150.  326800.  330050.  333900.]
sum = [72180100. 72000400. 71821300. 71642800. 71464900. 71287600. 71110900.
 70934800. 70759300. 70584400. 70410100. 70236400. 70063300. 69890800.
 69718900. 69547600. 69376900. 69206800. 69037300. 68868400. 68700100.
 68532400. 68365300. 68198800. 68032900. 67867600. 67702900. 67538800.
 67375300. 67212400. 67050100. 66888400. 66727300. 66566800. 66406900.
 66247600. 66088900. 65930800. 65773300. 65616400. 65460100. 65304400.
 65149300. 64994800. 64840900. 64687600. 64534900. 64382800. 64231300.
 64080400. 63930100. 63780400. 63631300. 63482800. 63334900. 63187600.
 63040900. 62894800. 62749300. 62604400. 62460100. 62316400. 62173300.
 62030800. 61888900. 61747600. 61606900. 61466800. 61327300. 61188400.
 61050100. 60912400. 60775300. 60638800. 60502900. 60367600. 60232900.
 60098800. 59965300. 59832400. 59700100. 59568400. 59437300. 59306800.
 59176900. 59047600. 58918900. 58790800. 58663300. 58536400. 58410100.
 58284400. 58159300. 58034800. 57910900. 57787600. 57664900. 57542800.
 57421300. 57300400. 57180100. 57060400. 56941300. 56822800. 56704900.
 56587600. 56470900. 56354800. 56239300. 56124400. 56010100. 55896400.
 55783300. 55670800. 55558900. 55447600. 55336900. 55226800. 55117300.
 55008400. 54900100. 54792400. 54685300. 54578800. 54472900. 54367600.
 54262900. 54158800. 54055300. 53952400. 53850100. 53748400. 53647300.
 53546800. 53446900. 53347600. 53248900. 53150800. 53053300. 52956400.
 52860100. 52764400. 52669300. 52574800. 52480900. 52387600. 52294900.
 52202800. 52111300. 52020400. 51930100. 51840400. 51751300. 51662800.
 51574900. 51487600. 51400900. 51314800. 51229300. 51144400. 51060100.
 50976400. 50893300. 50810800. 50728900. 50647600. 50566900. 50486800.
 50407300. 50328400. 50250100. 50172400. 50095300. 50018800. 49942900.
 49867600. 49792900. 49718800. 49645300. 49572400. 49500100. 49428400.
 49357300. 49286800. 49216900. 49147600. 49078900. 49010800. 48943300.
 48876400. 48810100. 48744400. 48679300. 48614800. 48550900. 48487600.
 48424900. 48362800. 48301300. 48240400. 48180100. 48120400. 48061300.
 48002800. 47944900. 47887600. 47830900. 47774800. 47719300. 47664400.
 47610100. 47556400. 47503300. 47450800. 47398900. 47347600. 47296900.
 47246800. 47197300. 47148400. 47100100. 47052400. 47005300. 46958800.
 46912900. 46867600. 46822900. 46778800. 46735300. 46692400. 46650100.
 46608400. 46567300. 46526800. 46486900. 46447600. 46408900. 46370800.
 46333300. 46296400. 46260100. 46224400. 46189300. 46154800. 46120900.
 46087600. 46054900. 46022800. 45991300. 45960400. 45930100. 45900400.
 45871300. 45842800. 45814900. 45787600. 45760900. 45734800. 45709300.
 45684400. 45660100. 45636400. 45613300. 45590800. 45568900. 45547600.
 45526900. 45506800. 45487300. 45468400. 45450100. 45432400. 45415300.
 45398800. 45382900. 45367600. 45352900. 45338800. 45325300. 45312400.
 45300100. 45288400. 45277300. 45266800. 45256900. 45247600. 45238900.
 45230800. 45223300. 45216400. 45210100. 45204400. 45199300. 45194800.
 45190900. 45187600. 45184900. 45182800. 45181300. 45180400. 45180100.
 45180400. 45181300. 45182800. 45184900. 45187600. 45190900. 45194800.
 45199300. 45204400. 45210100. 45216400. 45223300. 45230800. 45238900.
 45247600. 45256900. 45266800. 45277300. 45288400. 45300100. 45312400.
 45325300. 45338800. 45352900. 45367600. 45382900. 45398800. 45415300.
 45432400. 45450100. 45468400. 45487300. 45506800. 45526900. 45547600.
 45568900. 45590800. 45613300. 45636400. 45660100. 45684400. 45709300.
 45734800. 45760900. 45787600. 45814900. 45842800. 45871300. 45900400.
 45930100. 45960400. 45991300. 46022800. 46054900. 46087600. 46120900.
 46154800. 46189300. 46224400. 46260100. 46296400. 46333300. 46370800.
 46408900. 46447600. 46486900. 46526800. 46567300. 46608400. 46650100.
 46692400. 46735300. 46778800. 46822900. 46867600. 46912900. 46958800.
 47005300. 47052400. 47100100. 47148400. 47197300. 47246800. 47296900.
 47347600. 47398900. 47450800. 47503300. 47556400. 47610100. 47664400.
 47719300. 47774800. 47830900. 47887600. 47944900. 48002800. 48061300.
 48120400. 48180100. 48240400. 48301300. 48362800. 48424900. 48487600.
 48550900. 48614800. 48679300. 48744400. 48810100. 48876400. 48943300.
 49010800. 49078900. 49147600. 49216900. 49286800. 49357300. 49428400.
 49500100. 49572400. 49645300. 49718800. 49792900. 49867600. 49942900.
 50018800. 50095300. 50172400. 50250100. 50328400. 50407300. 50486800.
 50566900. 50647600. 50728900. 50810800. 50893300. 50976400. 51060100.
 51144400. 51229300. 51314800. 51400900. 51487600. 51574900. 51662800.
 51751300. 51840400. 51930100. 52020400. 52111300. 52202800. 52294900.
 52387600. 52480900. 52574800. 52669300. 52764400. 52860100. 52956400.
 53053300. 53150800. 53248900. 53347600. 53446900. 53546800. 53647300.
 53748400. 53850100. 53952400. 54055300. 54158800. 54262900. 54367600.
 54472900. 54578800. 54685300. 54792400. 54900100. 55008400. 55117300.
 55226800. 55336900. 55447600. 55558900. 55670800. 55783300. 55896400.
 56010100. 56124400. 56239300. 56354800. 56470900. 56587600. 56704900.
 56822800. 56941300. 57060400. 57180100. 57300400. 57421300. 57542800.
 57664900. 57787600. 57910900. 58034800. 58159300. 58284400. 58410100.
 58536400. 58663300. 58790800. 58918900. 59047600. 59176900. 59306800.
 59437300. 59568400. 59700100. 59832400. 59965300. 60098800. 60232900.
 60367600. 60502900. 60638800. 60775300. 60912400. 61050100. 61188400.
 61327300. 61466800. 61606900. 61747600. 61888900. 62030800. 62173300.
 62316400. 62460100. 62604400. 62749300. 62894800. 63040900. 63187600.
 63334900. 63482800. 63631300. 63780400. 63930100. 64080400. 64231300.
 64382800. 64534900. 64687600. 64840900. 64994800. 65149300. 65304400.
 65460100. 65616400. 65773300. 65930800. 66088900. 66247600. 66406900.
 66566800. 66727300. 66888400. 67050100. 67212400. 67375300. 67538800.
 67702900. 67867600. 68032900. 68198800. 68365300. 68532400. 68700100.
 68868400. 69037300. 69206800. 69376900. 69547600. 69718900. 69890800.
 70063300. 70236400. 70410100. 70584400. 70759300. 70934800. 71110900.
 71287600. 71464900. 71642800. 71821300. 72000400.]
Temps pris pour la éxécution du produit scalaire local : 0.0033525459984957706 secondes
Speed-up global estimé avec 6 processus = 0.025476184934392392