[[401. 402. 403. ... 398. 399. 400.]
 [402. 403. 404. ... 399. 400. 401.]
 [403. 404. 405. ... 400. 401. 402.]
 ...
 [498. 499. 500. ... 495. 496. 497.]
 [499. 500. 501. ... 496. 497. 498.]
 [500. 501. 502. ... 497. 498. 499.]] * [  1.   2.   3.   4.   5.   6.   7.   8.   9.  10.  11.  12.  13.  14.
  15.  16.  17.  18.  19.  20.  21.  22.  23.  24.  25.  26.  27.  28.
  29.  30.  31.  32.  33.  34.  35.  36.  37.  38.  39.  40.  41.  42.
  43.  44.  45.  46.  47.  48.  49.  50.  51.  52.  53.  54.  55.  56.
  57.  58.  59.  60.  61.  62.  63.  64.  65.  66.  67.  68.  69.  70.
  71.  72.  73.  74.  75.  76.  77.  78.  79.  80.  81.  82.  83.  84.
  85.  86.  87.  88.  89.  90.  91.  92.  93.  94.  95.  96.  97.  98.
  99. 100. 101. 102. 103. 104. 105. 106. 107. 108. 109. 110. 111. 112.
 113. 114. 115. 116. 117. 118. 119. 120. 121. 122. 123. 124. 125. 126.
 127. 128. 129. 130. 131. 132. 133. 134. 135. 136. 137. 138. 139. 140.
 141. 142. 143. 144. 145. 146. 147. 148. 149. 150. 151. 152. 153. 154.
 155. 156. 157. 158. 159. 160. 161. 162. 163. 164. 165. 166. 167. 168.
 169. 170. 171. 172. 173. 174. 175. 176. 177. 178. 179. 180. 181. 182.
 183. 184. 185. 186. 187. 188. 189. 190. 191. 192. 193. 194. 195. 196.
 197. 198. 199. 200. 201. 202. 203. 204. 205. 206. 207. 208. 209. 210.
 211. 212. 213. 214. 215. 216. 217. 218. 219. 220. 221. 222. 223. 224.
 225. 226. 227. 228. 229. 230. 231. 232. 233. 234. 235. 236. 237. 238.
 239. 240. 241. 242. 243. 244. 245. 246. 247. 248. 249. 250. 251. 252.
 253. 254. 255. 256. 257. 258. 259. 260. 261. 262. 263. 264. 265. 266.
 267. 268. 269. 270. 271. 272. 273. 274. 275. 276. 277. 278. 279. 280.
 281. 282. 283. 284. 285. 286. 287. 288. 289. 290. 291. 292. 293. 294.
 295. 296. 297. 298. 299. 300. 301. 302. 303. 304. 305. 306. 307. 308.
 309. 310. 311. 312. 313. 314. 315. 316. 317. 318. 319. 320. 321. 322.
 323. 324. 325. 326. 327. 328. 329. 330. 331. 332. 333. 334. 335. 336.
 337. 338. 339. 340. 341. 342. 343. 344. 345. 346. 347. 348. 349. 350.
 351. 352. 353. 354. 355. 356. 357. 358. 359. 360. 361. 362. 363. 364.
 365. 366. 367. 368. 369. 370. 371. 372. 373. 374. 375. 376. 377. 378.
 379. 380. 381. 382. 383. 384. 385. 386. 387. 388. 389. 390. 391. 392.
 393. 394. 395. 396. 397. 398. 399. 400. 401. 402. 403. 404. 405. 406.
 407. 408. 409. 410. 411. 412. 413. 414. 415. 416. 417. 418. 419. 420.
 421. 422. 423. 424. 425. 426. 427. 428. 429. 430. 431. 432. 433. 434.
 435. 436. 437. 438. 439. 440. 441. 442. 443. 444. 445. 446. 447. 448.
 449. 450. 451. 452. 453. 454. 455. 456. 457. 458. 459. 460. 461. 462.
 463. 464. 465. 466. 467. 468. 469. 470. 471. 472. 473. 474. 475. 476.
 477. 478. 479. 480. 481. 482. 483. 484. 485. 486. 487. 488. 489. 490.
 491. 492. 493. 494. 495. 496. 497. 498. 499. 500. 501. 502. 503. 504.
 505. 506. 507. 508. 509. 510. 511. 512. 513. 514. 515. 516. 517. 518.
 519. 520. 521. 522. 523. 524. 525. 526. 527. 528. 529. 530. 531. 532.
 533. 534. 535. 536. 537. 538. 539. 540. 541. 542. 543. 544. 545. 546.
 547. 548. 549. 550. 551. 552. 553. 554. 555. 556. 557. 558. 559. 560.
 561. 562. 563. 564. 565. 566. 567. 568. 569. 570. 571. 572. 573. 574.
 575. 576. 577. 578. 579. 580. 581. 582. 583. 584. 585. 586. 587. 588.
 589. 590. 591. 592. 593. 594. 595. 596. 597. 598. 599. 600.] = [48180100. 48240400. 48301300. 48362800. 48424900. 48487600. 48550900.
 48614800. 48679300. 48744400. 48810100. 48876400. 48943300. 49010800.
 49078900. 49147600. 49216900. 49286800. 49357300. 49428400. 49500100.
 49572400. 49645300. 49718800. 49792900. 49867600. 49942900. 50018800.
 50095300. 50172400. 50250100. 50328400. 50407300. 50486800. 50566900.
 50647600. 50728900. 50810800. 50893300. 50976400. 51060100. 51144400.
 51229300. 51314800. 51400900. 51487600. 51574900. 51662800. 51751300.
 51840400. 51930100. 52020400. 52111300. 52202800. 52294900. 52387600.
 52480900. 52574800. 52669300. 52764400. 52860100. 52956400. 53053300.
 53150800. 53248900. 53347600. 53446900. 53546800. 53647300. 53748400.
 53850100. 53952400. 54055300. 54158800. 54262900. 54367600. 54472900.
 54578800. 54685300. 54792400. 54900100. 55008400. 55117300. 55226800.
 55336900. 55447600. 55558900. 55670800. 55783300. 55896400. 56010100.
 56124400. 56239300. 56354800. 56470900. 56587600. 56704900. 56822800.
 56941300. 57060400.]
sum = [72180100. 72000400. 71821300. 71642800. 71464900. 71287600. 71110900.
 70934800. 70759300. 70584400. 70410100. 70236400. 70063300. 69890800.
 69718900. 69547600. 69376900. 69206800. 69037300. 68868400. 68700100.
 68532400. 68365300. 68198800. 68032900. 67867600. 67702900. 67538800.
 67375300. 67212400. 67050100. 66888400. 66727300. 66566800. 66406900.
 66247600. 66088900. 65930800. 65773300. 65616400. 65460100. 65304400.
 65149300. 64994800. 64840900. 64687600. 64534900. 64382800. 64231300.
 64080400. 63930100. 63780400. 63631300. 63482800. 63334900. 63187600.
 63040900. 62894800. 62749300. 62604400. 62460100. 62316400. 62173300.
 62030800. 61888900. 61747600. 61606900. 61466800. 61327300. 61188400.
 61050100. 60912400. 60775300. 60638800. 60502900. 60367600. 60232900.
 60098800. 59965300. 59832400. 59700100. 59568400. 59437300. 59306800.
 59176900. 59047600. 58918900. 58790800. 58663300. 58536400. 58410100.
 58284400. 58159300. 58034800. 57910900. 57787600. 57664900. 57542800.
 57421300. 57300400. 57180100. 57060400. 56941300. 56822800. 56704900.
 56587600. 56470900. 56354800. 56239300. 56124400. 56010100. 55896400.
 55783300. 55670800. 55558900. 55447600. 55336900. 55226800. 55117300.
 55008400. 54900100. 54792400. 54685300. 54578800. 54472900. 54367600.
 54262900. 54158800. 54055300. 53952400. 53850100. 53748400. 53647300.
 53546800. 53446900. 53347600. 53248900. 53150800. 53053300. 52956400.
 52860100. 52764400. 52669300. 52574800. 52480900. 52387600. 52294900.
 52202800. 52111300. 52020400. 51930100. 51840400. 51751300. 51662800.
 51574900. 51487600. 51400900. 51314800. 51229300. 51144400. 51060100.
 50976400. 50893300. 50810800. 50728900. 50647600. 50566900. 50486800.
 50407300. 50328400. 50250100. 50172400. 50095300. 50018800. 49942900.
 49867600. 49792900. 49718800. 49645300. 49572400. 49500100. 49428400.
 49357300. 49286800. 49216900. 49147600. 49078900. 49010800. 48943300.
 48876400. 48810100. 48744400. 48679300. 48614800. 48550900. 48487600.
 48424900. 48362800. 48301300. 48240400. 48180100. 48120400. 48061300.
 48002800. 47944900. 47887600. 47830900. 47774800. 47719300. 47664400.
 47610100. 47556400. 47503300. 47450800. 47398900. 47347600. 47296900.
 47246800. 47197300. 47148400. 47100100. 47052400. 47005300. 46958800.
 46912900. 46867600. 46822900. 46778800. 46735300. 46692400. 46650100.
 46608400. 46567300. 46526800. 46486900. 46447600. 46408900. 46370800.
 46333300. 46296400. 46260100. 46224400. 46189300. 46154800. 46120900.
 46087600. 46054900. 46022800. 45991300. 45960400. 45930100. 45900400.
 45871300. 45842800. 45814900. 45787600. 45760900. 45734800. 45709300.
 45684400. 45660100. 45636400. 45613300. 45590800. 45568900. 45547600.
 45526900. 45506800. 45487300. 45468400. 45450100. 45432400. 45415300.
 45398800. 45382900. 45367600. 45352900. 45338800. 45325300. 45312400.
 45300100. 45288400. 45277300. 45266800. 45256900. 45247600. 45238900.
 45230800. 45223300. 45216400. 45210100. 45204400. 45199300. 45194800.
 45190900. 45187600. 45184900. 45182800. 45181300. 45180400. 45180100.
 45180400. 45181300. 45182800. 45184900. 45187600. 45190900. 45194800.
 45199300. 45204400. 45210100. 45216400. 45223300. 45230800. 45238900.
 45247600. 45256900. 45266800. 45277300. 45288400. 45300100. 45312400.
 45325300. 45338800. 45352900. 45367600. 45382900. 45398800. 45415300.
 45432400. 45450100. 45468400. 45487300. 45506800. 45526900. 45547600.
 45568900. 45590800. 45613300. 45636400. 45660100. 45684400. 45709300.
 45734800. 45760900. 45787600. 45814900. 45842800. 45871300. 45900400.
 45930100. 45960400. 45991300. 46022800. 46054900. 46087600. 46120900.
 46154800. 46189300. 46224400. 46260100. 46296400. 46333300. 46370800.
 46408900. 46447600. 46486900. 46526800. 46567300. 46608400. 46650100.
 46692400. 46735300. 46778800. 46822900. 46867600. 46912900. 46958800.
 47005300. 47052400. 47100100. 47148400. 47197300. 47246800. 47296900.
 47347600. 47398900. 47450800. 47503300. 47556400. 47610100. 47664400.
 47719300. 47774800. 47830900. 47887600. 47944900. 48002800. 48061300.
 48120400. 48180100. 48240400. 48301300. 48362800. 48424900. 48487600.
 48550900. 48614800. 48679300. 48744400. 48810100. 48876400. 48943300.
 49010800. 49078900. 49147600. 49216900. 49286800. 49357300. 49428400.
 49500100. 49572400. 49645300. 49718800. 49792900. 49867600. 49942900.
 50018800. 50095300. 50172400. 50250100. 50328400. 50407300. 50486800.
 50566900. 50647600. 50728900. 50810800. 50893300. 50976400. 51060100.
 51144400. 51229300. 51314800. 51400900. 51487600. 51574900. 51662800.
 51751300. 51840400. 51930100. 52020400. 52111300. 52202800. 52294900.
 52387600. 52480900. 52574800. 52669300. 52764400. 52860100. 52956400.
 53053300. 53150800. 53248900. 53347600. 53446900. 53546800. 53647300.
 53748400. 53850100. 53952400. 54055300. 54158800. 54262900. 54367600.
 54472900. 54578800. 54685300. 54792400. 54900100. 55008400. 55117300.
 55226800. 55336900. 55447600. 55558900. 55670800. 55783300. 55896400.
 56010100. 56124400. 56239300. 56354800. 56470900. 56587600. 56704900.
 56822800. 56941300. 57060400. 57180100. 57300400. 57421300. 57542800.
 57664900. 57787600. 57910900. 58034800. 58159300. 58284400. 58410100.
 58536400. 58663300. 58790800. 58918900. 59047600. 59176900. 59306800.
 59437300. 59568400. 59700100. 59832400. 59965300. 60098800. 60232900.
 60367600. 60502900. 60638800. 60775300. 60912400. 61050100. 61188400.
 61327300. 61466800. 61606900. 61747600. 61888900. 62030800. 62173300.
 62316400. 62460100. 62604400. 62749300. 62894800. 63040900. 63187600.
 63334900. 63482800. 63631300. 63780400. 63930100. 64080400. 64231300.
 64382800. 64534900. 64687600. 64840900. 64994800. 65149300. 65304400.
 65460100. 65616400. 65773300. 65930800. 66088900. 66247600. 66406900.
 66566800. 66727300. 66888400. 67050100. 67212400. 67375300. 67538800.
 67702900. 67867600. 68032900. 68198800. 68365300. 68532400. 68700100.
 68868400. 69037300. 69206800. 69376900. 69547600. 69718900. 69890800.
 70063300. 70236400. 70410100. 70584400. 70759300. 70934800. 71110900.
 71287600. 71464900. 71642800. 71821300. 72000400.]
Temps pris pour la éxécution du produit scalaire local : 0.009591102600097656 secondes
Speed-up global estimé avec 6 processus = 0.01647009023916264