[[101. 102. 103. ... 198. 199. 200.]
 [102. 103. 104. ... 199. 200. 201.]
 [103. 104. 105. ... 200. 201. 202.]
 ...
 [ 98.  99. 100. ... 195. 196. 197.]
 [ 99. 100. 101. ... 196. 197. 198.]
 [100. 101. 102. ... 197. 198. 199.]] * [101. 102. 103. 104. 105. 106. 107. 108. 109. 110. 111. 112. 113. 114.
 115. 116. 117. 118. 119. 120. 121. 122. 123. 124. 125. 126. 127. 128.
 129. 130. 131. 132. 133. 134. 135. 136. 137. 138. 139. 140. 141. 142.
 143. 144. 145. 146. 147. 148. 149. 150. 151. 152. 153. 154. 155. 156.
 157. 158. 159. 160. 161. 162. 163. 164. 165. 166. 167. 168. 169. 170.
 171. 172. 173. 174. 175. 176. 177. 178. 179. 180. 181. 182. 183. 184.
 185. 186. 187. 188. 189. 190. 191. 192. 193. 194. 195. 196. 197. 198.
 199. 200.] = [2348350. 2363400. 2378450. 2393500. 2408550. 2423600. 2438650. 2453700.
 2468750. 2483800. 2498850. 2513900. 2528950. 2544000. 2559050. 2574100.
 2589150. 2604200. 2619250. 2634300. 2649350. 2664400. 2679450. 2694500.
 2709550. 2724600. 2739650. 2754700. 2769750. 2784800. 2799850. 2814900.
 2829950. 2845000. 2860050. 2875100. 2890150. 2905200. 2920250. 2935300.
 2950350. 2965400. 2980450. 2995500. 3010550. 3025600. 3040650. 3055700.
 3070750. 3085800. 3100850. 3115900. 3130950. 3146000. 3161050. 3176100.
 3191150. 3206200. 3221250. 3236300. 3251350. 3266400. 3281450. 3296500.
 3311550. 3326600. 3341650. 3356700. 3371750. 3386800. 3401850. 3416900.
 3431950. 3447000. 3462050. 3477100. 3492150. 3507200. 3522250. 3537300.
 3552350. 3567400. 3582450. 3597500. 3612550. 3627600. 3642650. 3657700.
 3672750. 3687800. 3702850. 3717900. 3732950. 3748000. 3763050. 3778100.
 3793150. 3808200. 3823250. 3838300. 3853350. 3868400. 3883450. 3898500.
 3913550. 3928600. 3943650. 3958700. 3973750. 3988800. 4003850. 4018900.
 4033950. 4049000. 4064050. 4079100. 4094150. 4109200. 4124250. 4139300.
 4154350. 4169400. 4184450. 4199500. 4214550. 4229600. 4244650. 4259700.
 4274750. 4289800. 4304850. 4319900. 4334950. 4350000. 4365050. 4380100.
 4395150. 4410200. 4425250. 4440300. 4455350. 4470400. 4485450. 4500500.
 4515550. 4530600. 4545650. 4560700. 4575750. 4590800. 4605850. 4620900.
 4635950. 4651000. 4666050. 4681100. 4696150. 4711200. 4726250. 4741300.
 4756350. 4771400. 4786450. 4801500. 4816550. 4831600. 4846650. 4861700.
 4876750. 4891800. 4906850. 4921900. 4936950. 4952000. 4967050. 4982100.
 4997150. 5012200. 5027250. 5042300. 5057350. 5072400. 5087450. 5102500.
 5117550. 5132600. 5147650. 5162700. 5177750. 5192800. 5207850. 5222900.
 5237950. 5253000. 5268050. 5283100. 5298150. 5313200. 5328250. 5343300.
 5358350. 5373400. 5388450. 5403500. 5418550. 5433600. 5448650. 5463700.
 5478750. 5493800. 5508850. 5523900. 5538950. 5554000. 5569050. 5584100.
 5599150. 5614200. 5629250. 5644300. 5659350. 5674400. 5689450. 5704500.
 5719550. 5734600. 5749650. 5764700. 5779750. 5794800. 5809850. 5824900.
 5839950. 5855000. 5870050. 5885100. 5900150. 5915200. 5930250. 5945300.
 5960350. 5975400. 5990450. 6005500. 6020550. 6035600. 6050650. 6065700.
 6080750. 6095800. 6110850. 6125900. 6140950. 6156000. 6171050. 6186100.
 6201150. 6216200. 6231250. 6246300. 6261350. 6276400. 6291450. 6306500.
 6321550. 6336600. 6351650. 6366700. 6381750. 6396800. 6411850. 6426900.
 6441950. 6457000. 6472050. 6487100. 6502150. 6517200. 6532250. 6547300.
 6562350. 6577400. 6592450. 6607500. 6622550. 6637600. 6652650. 6667700.
 6682750. 6697800. 6712850. 6727900. 6742950. 6758000. 6773050. 6788100.
 6803150. 6818200. 6833250. 6848300. 6863350. 6878400. 6893450. 6908500.
 6923550. 6938600. 6953650. 6968700. 6983750. 6998800. 7013850. 7028900.
 7043950. 7059000. 7074050. 7089100. 7104150. 7119200. 7134250. 7149300.
 7164350. 7179400. 7194450. 7209500. 7224550. 7239600. 7254650. 7269700.
 7284750. 7299800. 7314850. 7329900. 7344950. 7360000. 7375050. 7390100.
 7405150. 7420200. 7435250. 7450300. 7465350. 7480400. 7495450. 7510500.
 7525550. 7540600. 7555650. 7570700. 7585750. 7600800. 7615850. 7630900.
 7645950. 7661000. 7676050. 7691100. 7706150. 7721200. 7736250. 7751300.
 7766350. 7781400. 7796450. 7811500. 7826550. 7841600. 7856650. 7871700.
 7886750. 7901800. 7916850. 7931900. 7946950. 7962000. 7977050. 7992100.
 8007150. 8022200. 8037250. 8052300. 8067350. 8082400. 8097450. 8112500.
 8127550. 8142600. 8157650. 8172700. 8187750. 8202800. 8217850. 8232900.
 8247950. 8263000. 8278050. 8293100. 8308150. 8323200. 8338250. 8353300.
 8368350. 8263400. 8159050. 8055300. 7952150. 7849600. 7747650. 7646300.
 7545550. 7445400. 7345850. 7246900. 7148550. 7050800. 6953650. 6857100.
 6761150. 6665800. 6571050. 6476900. 6383350. 6290400. 6198050. 6106300.
 6015150. 5924600. 5834650. 5745300. 5656550. 5568400. 5480850. 5393900.
 5307550. 5221800. 5136650. 5052100. 4968150. 4884800. 4802050. 4719900.
 4638350. 4557400. 4477050. 4397300. 4318150. 4239600. 4161650. 4084300.
 4007550. 3931400. 3855850. 3780900. 3706550. 3632800. 3559650. 3487100.
 3415150. 3343800. 3273050. 3202900. 3133350. 3064400. 2996050. 2928300.
 2861150. 2794600. 2728650. 2663300. 2598550. 2534400. 2470850. 2407900.
 2345550. 2283800. 2222650. 2162100. 2102150. 2042800. 1984050. 1925900.
 1868350. 1811400. 1755050. 1699300. 1644150. 1589600. 1535650. 1482300.
 1429550. 1377400. 1325850. 1274900. 1224550. 1174800. 1125650. 1077100.
 1029150.  981800.  935050.  888900.  843350.  858400.  873450.  888500.
  903550.  918600.  933650.  948700.  963750.  978800.  993850. 1008900.
 1023950. 1039000. 1054050. 1069100. 1084150. 1099200. 1114250. 1129300.
 1144350. 1159400. 1174450. 1189500. 1204550. 1219600. 1234650. 1249700.
 1264750. 1279800. 1294850. 1309900. 1324950. 1340000. 1355050. 1370100.
 1385150. 1400200. 1415250. 1430300. 1445350. 1460400. 1475450. 1490500.
 1505550. 1520600. 1535650. 1550700. 1565750. 1580800. 1595850. 1610900.
 1625950. 1641000. 1656050. 1671100. 1686150. 1701200. 1716250. 1731300.
 1746350. 1761400. 1776450. 1791500. 1806550. 1821600. 1836650. 1851700.
 1866750. 1881800. 1896850. 1911900. 1926950. 1942000. 1957050. 1972100.
 1987150. 2002200. 2017250. 2032300. 2047350. 2062400. 2077450. 2092500.
 2107550. 2122600. 2137650. 2152700. 2167750. 2182800. 2197850. 2212900.
 2227950. 2243000. 2258050. 2273100. 2288150. 2303200. 2318250. 2333300.]
sum = [72180100. 72000400. 71821300. 71642800. 71464900. 71287600. 71110900.
 70934800. 70759300. 70584400. 70410100. 70236400. 70063300. 69890800.
 69718900. 69547600. 69376900. 69206800. 69037300. 68868400. 68700100.
 68532400. 68365300. 68198800. 68032900. 67867600. 67702900. 67538800.
 67375300. 67212400. 67050100. 66888400. 66727300. 66566800. 66406900.
 66247600. 66088900. 65930800. 65773300. 65616400. 65460100. 65304400.
 65149300. 64994800. 64840900. 64687600. 64534900. 64382800. 64231300.
 64080400. 63930100. 63780400. 63631300. 63482800. 63334900. 63187600.
 63040900. 62894800. 62749300. 62604400. 62460100. 62316400. 62173300.
 62030800. 61888900. 61747600. 61606900. 61466800. 61327300. 61188400.
 61050100. 60912400. 60775300. 60638800. 60502900. 60367600. 60232900.
 60098800. 59965300. 59832400. 59700100. 59568400. 59437300. 59306800.
 59176900. 59047600. 58918900. 58790800. 58663300. 58536400. 58410100.
 58284400. 58159300. 58034800. 57910900. 57787600. 57664900. 57542800.
 57421300. 57300400. 57180100. 57060400. 56941300. 56822800. 56704900.
 56587600. 56470900. 56354800. 56239300. 56124400. 56010100. 55896400.
 55783300. 55670800. 55558900. 55447600. 55336900. 55226800. 55117300.
 55008400. 54900100. 54792400. 54685300. 54578800. 54472900. 54367600.
 54262900. 54158800. 54055300. 53952400. 53850100. 53748400. 53647300.
 53546800. 53446900. 53347600. 53248900. 53150800. 53053300. 52956400.
 52860100. 52764400. 52669300. 52574800. 52480900. 52387600. 52294900.
 52202800. 52111300. 52020400. 51930100. 51840400. 51751300. 51662800.
 51574900. 51487600. 51400900. 51314800. 51229300. 51144400. 51060100.
 50976400. 50893300. 50810800. 50728900. 50647600. 50566900. 50486800.
 50407300. 50328400. 50250100. 50172400. 50095300. 50018800. 49942900.
 49867600. 49792900. 49718800. 49645300. 49572400. 49500100. 49428400.
 49357300. 49286800. 49216900. 49147600. 49078900. 49010800. 48943300.
 48876400. 48810100. 48744400. 48679300. 48614800. 48550900. 48487600.
 48424900. 48362800. 48301300. 48240400. 48180100. 48120400. 48061300.
 48002800. 47944900. 47887600. 47830900. 47774800. 47719300. 47664400.
 47610100. 47556400. 47503300. 47450800. 47398900. 47347600. 47296900.
 47246800. 47197300. 47148400. 47100100. 47052400. 47005300. 46958800.
 46912900. 46867600. 46822900. 46778800. 46735300. 46692400. 46650100.
 46608400. 46567300. 46526800. 46486900. 46447600. 46408900. 46370800.
 46333300. 46296400. 46260100. 46224400. 46189300. 46154800. 46120900.
 46087600. 46054900. 46022800. 45991300. 45960400. 45930100. 45900400.
 45871300. 45842800. 45814900. 45787600. 45760900. 45734800. 45709300.
 45684400. 45660100. 45636400. 45613300. 45590800. 45568900. 45547600.
 45526900. 45506800. 45487300. 45468400. 45450100. 45432400. 45415300.
 45398800. 45382900. 45367600. 45352900. 45338800. 45325300. 45312400.
 45300100. 45288400. 45277300. 45266800. 45256900. 45247600. 45238900.
 45230800. 45223300. 45216400. 45210100. 45204400. 45199300. 45194800.
 45190900. 45187600. 45184900. 45182800. 45181300. 45180400. 45180100.
 45180400. 45181300. 45182800. 45184900. 45187600. 45190900. 45194800.
 45199300. 45204400. 45210100. 45216400. 45223300. 45230800. 45238900.
 45247600. 45256900. 45266800. 45277300. 45288400. 45300100. 45312400.
 45325300. 45338800. 45352900. 45367600. 45382900. 45398800. 45415300.
 45432400. 45450100. 45468400. 45487300. 45506800. 45526900. 45547600.
 45568900. 45590800. 45613300. 45636400. 45660100. 45684400. 45709300.
 45734800. 45760900. 45787600. 45814900. 45842800. 45871300. 45900400.
 45930100. 45960400. 45991300. 46022800. 46054900. 46087600. 46120900.
 46154800. 46189300. 46224400. 46260100. 46296400. 46333300. 46370800.
 46408900. 46447600. 46486900. 46526800. 46567300. 46608400. 46650100.
 46692400. 46735300. 46778800. 46822900. 46867600. 46912900. 46958800.
 47005300. 47052400. 47100100. 47148400. 47197300. 47246800. 47296900.
 47347600. 47398900. 47450800. 47503300. 47556400. 47610100. 47664400.
 47719300. 47774800. 47830900. 47887600. 47944900. 48002800. 48061300.
 48120400. 48180100. 48240400. 48301300. 48362800. 48424900. 48487600.
 48550900. 48614800. 48679300. 48744400. 48810100. 48876400. 48943300.
 49010800. 49078900. 49147600. 49216900. 49286800. 49357300. 49428400.
 49500100. 49572400. 49645300. 49718800. 49792900. 49867600. 49942900.
 50018800. 50095300. 50172400. 50250100. 50328400. 50407300. 50486800.
 50566900. 50647600. 50728900. 50810800. 50893300. 50976400. 51060100.
 51144400. 51229300. 51314800. 51400900. 51487600. 51574900. 51662800.
 51751300. 51840400. 51930100. 52020400. 52111300. 52202800. 52294900.
 52387600. 52480900. 52574800. 52669300. 52764400. 52860100. 52956400.
 53053300. 53150800. 53248900. 53347600. 53446900. 53546800. 53647300.
 53748400. 53850100. 53952400. 54055300. 54158800. 54262900. 54367600.
 54472900. 54578800. 54685300. 54792400. 54900100. 55008400. 55117300.
 55226800. 55336900. 55447600. 55558900. 55670800. 55783300. 55896400.
 56010100. 56124400. 56239300. 56354800. 56470900. 56587600. 56704900.
 56822800. 56941300. 57060400. 57180100. 57300400. 57421300. 57542800.
 57664900. 57787600. 57910900. 58034800. 58159300. 58284400. 58410100.
 58536400. 58663300. 58790800. 58918900. 59047600. 59176900. 59306800.
 59437300. 59568400. 59700100. 59832400. 59965300. 60098800. 60232900.
 60367600. 60502900. 60638800. 60775300. 60912400. 61050100. 61188400.
 61327300. 61466800. 61606900. 61747600. 61888900. 62030800. 62173300.
 62316400. 62460100. 62604400. 62749300. 62894800. 63040900. 63187600.
 63334900. 63482800. 63631300. 63780400. 63930100. 64080400. 64231300.
 64382800. 64534900. 64687600. 64840900. 64994800. 65149300. 65304400.
 65460100. 65616400. 65773300. 65930800. 66088900. 66247600. 66406900.
 66566800. 66727300. 66888400. 67050100. 67212400. 67375300. 67538800.
 67702900. 67867600. 68032900. 68198800. 68365300. 68532400. 68700100.
 68868400. 69037300. 69206800. 69376900. 69547600. 69718900. 69890800.
 70063300. 70236400. 70410100. 70584400. 70759300. 70934800. 71110900.
 71287600. 71464900. 71642800. 71821300. 72000400.]
Temps pris pour la éxécution du produit scalaire local : 0.007920026779174805 secondes
Speed-up global estimé avec 6 processus = 0.010559818410599294